0 0.575 0.9234375 0.08125 0.096875
0 0.84765625 0.171875 0.0984375 0.11875
0 0.434375 0.1046875 0.1 0.11875
0 0.09765625 0.434375 0.1359375 0.103125
0 0.91796875 0.58828125 0.1421875 0.1046875
4 0.96484375 0.19609375 0.0703125 0.0859375
4 0.1609375 0.04296875 0.128125 0.0828125
4 0.2375 0.459375 0.121875 0.075
1 0.04296875 0.8125 0.0859375 0.115625
1 0.775 0.56484375 0.125 0.1171875
1 0.2984375 0.07421875 0.121875 0.1109375
1 0.71171875 0.153125 0.1171875 0.121875
1 0.8453125 0.95859375 0.134375 0.0828125