0 0.33984375 0.89765625 0.0703125 0.0890625
0 0.228125 0.10703125 0.084375 0.1078125
0 0.64765625 0.12734375 0.0859375 0.1078125
0 0.90859375 0.51875 0.1265625 0.0875
0 0.07421875 0.5 0.1328125 0.0875
4 0.078125 0.10078125 0.125 0.0703125
4 0.928125 0.12265625 0.121875 0.0671875
4 0.7671875 0.51484375 0.115625 0.0609375
1 0.89921875 0.9046875 0.1109375 0.103125
1 0.21875 0.50625 0.1125 0.103125
1 0.78671875 0.125 0.1109375 0.096875
1 0.365625 0.1171875 0.103125 0.109375
1 0.0625 0.896875 0.121875 0.10625