3 0.82109375 0.3828125 0.0671875 0.05625
3 0.6515625 0.4171875 0.065625 0.053125
3 0.58671875 0.36015625 0.0765625 0.0546875
3 0.41953125 0.40078125 0.0703125 0.0515625
3 0.23125 0.309375 0.040625 0.05
3 0.18203125 0.384375 0.0703125 0.059375
3 0.32265625 0.38203125 0.0296875 0.0484375
7 0.18984375 0.3125 0.0234375 0.03125
7 0.2375 0.2296875 0.015625 0.03125
7 0.290625 0.225 0.021875 0.03125
7 0.3390625 0.29921875 0.021875 0.0390625
7 0.4390625 0.32890625 0.021875 0.0328125
7 0.65625 0.33984375 0.021875 0.0328125
7 0.5921875 0.29765625 0.025 0.0328125
7 0.72890625 0.3203125 0.0109375 0.01875
7 0.80078125 0.89921875 0.0203125 0.0203125
7 0.7453125 0.8609375 0.021875 0.025
7 0.828125 0.3015625 0.01875 0.025
7 0.9015625 0.29609375 0.009375 0.0203125