3 0.1703125 0.41015625 0.071875 0.0609375
3 0.3421875 0.43046875 0.06875 0.0578125
3 0.40078125 0.36875 0.0796875 0.059375
3 0.57265625 0.39375 0.0734375 0.05625
3 0.753125 0.2859375 0.04375 0.053125
3 0.8078125 0.35625 0.075 0.065625
3 0.66796875 0.3671875 0.0328125 0.05
7 0.79375 0.2859375 0.025 0.03125
7 0.7375 0.2078125 0.01875 0.03125
7 0.6859375 0.20703125 0.025 0.0328125
7 0.64375 0.2859375 0.025 0.040625
7 0.546875 0.3234375 0.025 0.034375
7 0.33125 0.353125 0.025 0.034375
7 0.390625 0.30625 0.028125 0.034375
7 0.25625 0.3421875 0.0125 0.01875
7 0.2359375 0.925 0.021875 0.021875
7 0.28671875 0.88203125 0.0234375 0.0265625
7 0.15703125 0.33046875 0.0203125 0.0265625
7 0.08203125 0.33203125 0.0109375 0.0203125