3 0.1859375 0.365625 0.065625 0.053125
3 0.3546875 0.409375 0.0625 0.05
3 0.4203125 0.35625 0.075 0.05
3 0.58671875 0.40390625 0.0671875 0.0484375
3 0.7796875 0.32265625 0.0375 0.0484375
3 0.825 0.4 0.06875 0.05625
3 0.68515625 0.390625 0.0265625 0.046875
7 0.8203125 0.32890625 0.021875 0.0296875
7 0.77578125 0.24375 0.0140625 0.03125
7 0.72421875 0.2359375 0.0203125 0.03125
7 0.67265625 0.30859375 0.0203125 0.0390625
7 0.57109375 0.3328125 0.0203125 0.03125
7 0.35390625 0.33203125 0.0203125 0.0328125
7 0.41953125 0.29375 0.0234375 0.03125
7 0.28203125 0.309375 0.0109375 0.01875
7 0.17890625 0.8828125 0.0203125 0.01875
7 0.23671875 0.8484375 0.0203125 0.025
7 0.18359375 0.284375 0.0171875 0.025
7 0.11015625 0.27578125 0.0078125 0.0203125