3 0.43671875 0.42265625 0.0859375 0.0796875
3 0.1125 0.46640625 0.053125 0.0453125
7 0.0390625 0.41796875 0.015625 0.0265625
7 0.1171875 0.41796875 0.0125 0.0234375
7 0.153125 0.359375 0.01875 0.025
7 0.26640625 0.409375 0.0171875 0.021875
7 0.47109375 0.3875 0.0203125 0.028125
7 0.403125 0.6875 0.01875 0.025
7 0.16875 0.7375 0.021875 0.028125
7 0.46171875 0.8640625 0.0234375 0.03125
7 0.3578125 0.875 0.015625 0.021875
6 0.23671875 0.99296875 0.0265625 0.0140625
6 0.18203125 0.99609375 0.0203125 0.0078125
6 0.371875 0.978125 0.01875 0.0125
7 0.42421875 0.9703125 0.0203125 0.01875
6 0.6921875 0.934375 0.021875 0.015625
7 0.93671875 0.71640625 0.0234375 0.0203125
7 0.90078125 0.7671875 0.0265625 0.03125
7 0.75 0.81328125 0.021875 0.0234375
7 0.7171875 0.81015625 0.025 0.0203125
7 0.659375 0.8421875 0.01875 0.021875
7 0.61640625 0.80703125 0.0203125 0.0234375
6 0.45859375 0.93046875 0.0203125 0.0140625