3 0.45390625 0.41171875 0.0765625 0.0703125
3 0.12890625 0.38671875 0.0484375 0.0390625
7 0.0671875 0.3234375 0.0125 0.025
7 0.1421875 0.33984375 0.009375 0.0234375
7 0.190625 0.28984375 0.015625 0.0234375
7 0.28984375 0.36328125 0.0140625 0.0203125
7 0.4953125 0.38359375 0.015625 0.0265625
7 0.3671875 0.66328125 0.015625 0.0234375
7 0.1265625 0.6640625 0.01875 0.025
7 0.38671875 0.846875 0.0203125 0.028125
7 0.2828125 0.8375 0.0125 0.021875
6 0.13984375 0.93125 0.0234375 0.01875
6 0.0859375 0.92265625 0.01875 0.0109375
6 0.27421875 0.94140625 0.0171875 0.0109375
7 0.328125 0.9453125 0.01875 0.015625
6 0.596875 0.96484375 0.021875 0.0140625
7 0.8828125 0.80234375 0.021875 0.0171875
7 0.83671875 0.8453125 0.0234375 0.028125
7 0.6796875 0.8578125 0.01875 0.021875
7 0.64765625 0.84765625 0.0234375 0.0171875
7 0.584375 0.8671875 0.015625 0.01875
7 0.55 0.82421875 0.01875 0.0203125
6 0.3703125 0.9125 0.01875 0.0125