3 0.56640625 0.4234375 0.0859375 0.08125
3 0.8890625 0.47265625 0.053125 0.0453125
7 0.9625 0.42578125 0.015625 0.0265625
7 0.8859375 0.42421875 0.0125 0.0234375
7 0.85 0.365625 0.01875 0.025
7 0.73671875 0.4140625 0.0171875 0.021875
7 0.53203125 0.3875 0.0203125 0.028125
7 0.59375 0.6890625 0.01875 0.025
7 0.82734375 0.74375 0.0234375 0.028125
7 0.53359375 0.8640625 0.0234375 0.03125
7 0.6359375 0.87734375 0.015625 0.0234375
6 0.75390625 0.9953125 0.0265625 0.009375
6 0.80859375 0.9984375 0.0203125 0.003125
6 0.621875 0.98125 0.01875 0.0125
7 0.56796875 0.971875 0.0203125 0.01875
6 0.30078125 0.93046875 0.0234375 0.0171875
7 0.0609375 0.70859375 0.025 0.0203125
7 0.09453125 0.7609375 0.0265625 0.03125
7 0.2453125 0.80859375 0.021875 0.0234375
7 0.278125 0.80546875 0.025 0.0203125
7 0.3359375 0.8390625 0.01875 0.021875
7 0.3796875 0.80546875 0.021875 0.0234375
6 0.53515625 0.9296875 0.0203125 0.015625