7 0.90234375 0.2734375 0.0703125 0.053125
7 0.62109375 0.29609375 0.0703125 0.0578125
7 0.33515625 0.321875 0.0671875 0.05625
7 0.78046875 0.44453125 0.0671875 0.0546875
7 0.93515625 0.5859375 0.0671875 0.059375
7 0.2109375 0.49609375 0.06875 0.0578125
7 0.82421875 0.7453125 0.0421875 0.034375
7 0.6171875 0.690625 0.0625 0.040625
7 0.05859375 0.35078125 0.0671875 0.0609375
7 0.08828125 0.6671875 0.0640625 0.053125
3 0.76484375 0.28671875 0.1109375 0.0453125
3 0.91953125 0.43203125 0.1078125 0.0453125
3 0.63828125 0.459375 0.1109375 0.046875
3 0.47890625 0.3140625 0.1109375 0.04375
3 0.94765625 0.7453125 0.1046875 0.04375
3 0.1953125 0.340625 0.10625 0.046875
3 0.34921875 0.48515625 0.1015625 0.0484375
3 0.0703125 0.5140625 0.103125 0.04375
3 0.1046875 0.8265625 0.10625 0.04375