7 0.07734375 0.31640625 0.0671875 0.0484375
7 0.35859375 0.309375 0.0671875 0.053125
7 0.64609375 0.30625 0.0640625 0.053125
7 0.21484375 0.475 0.0640625 0.05
7 0.07734375 0.63046875 0.0640625 0.0546875
7 0.7875 0.4671875 0.065625 0.053125
7 0.20390625 0.778125 0.0390625 0.03125
7 0.403125 0.7015625 0.059375 0.0375
7 0.92421875 0.3046875 0.0640625 0.05625
7 0.92734375 0.6234375 0.0609375 0.05
3 0.2140625 0.315625 0.109375 0.0375
3 0.075 0.47578125 0.10625 0.0390625
3 0.3578125 0.47421875 0.109375 0.0390625
3 0.503125 0.31328125 0.109375 0.0359375
3 0.07890625 0.79140625 0.1046875 0.0359375
3 0.7875 0.31015625 0.103125 0.0390625
3 0.64921875 0.46953125 0.0984375 0.0421875
3 0.92890625 0.46796875 0.1015625 0.0359375
3 0.92734375 0.78359375 0.1046875 0.0359375