7 0.10234375 0.265625 0.0703125 0.053125
7 0.3828125 0.29453125 0.071875 0.0578125
7 0.66796875 0.32578125 0.0671875 0.0578125
7 0.2203125 0.43984375 0.06875 0.0546875
7 0.0640625 0.578125 0.06875 0.059375
7 0.78984375 0.50234375 0.0703125 0.0578125
7 0.17265625 0.7390625 0.0421875 0.034375
7 0.3796875 0.68828125 0.0625 0.0421875
7 0.9453125 0.3578125 0.06875 0.0625
7 0.91015625 0.67421875 0.0640625 0.0546875
3 0.2390625 0.28125 0.1125 0.046875
3 0.08203125 0.425 0.1078125 0.046875
3 0.36328125 0.45703125 0.1109375 0.0484375
3 0.52578125 0.31484375 0.1109375 0.0453125
3 0.05 0.73828125 0.1 0.0453125
3 0.809375 0.34609375 0.10625 0.0484375
3 0.65234375 0.4875 0.1015625 0.05
3 0.92890625 0.52109375 0.1046875 0.0453125
3 0.8890625 0.83359375 0.10625 0.0453125