3 0.048828125 0.106640625 0.08515625 0.05078125
3 0.053125 0.553515625 0.084375 0.04765625
3 0.1671875 0.771484375 0.084375 0.04609375
3 0.162890625 0.328515625 0.08515625 0.04765625
3 0.278125 0.10625 0.084375 0.053125
3 0.3921875 0.330078125 0.084375 0.04765625
3 0.50625 0.105078125 0.084375 0.04765625
3 0.619140625 0.331640625 0.08203125 0.04765625
3 0.734765625 0.107421875 0.08203125 0.04609375
3 0.841796875 0.772265625 0.08359375 0.05078125
3 0.844140625 0.330859375 0.08203125 0.04921875
3 0.959375 0.1078125 0.08125 0.053125
3 0.955078125 0.551171875 0.08515625 0.04921875
7 0.846484375 0.104296875 0.05234375 0.07421875
7 0.843359375 0.548046875 0.04921875 0.07734375
7 0.7328125 0.328125 0.05 0.065625
7 0.729296875 0.767578125 0.04921875 0.07265625
7 0.61953125 0.102734375 0.0484375 0.07421875
7 0.39140625 0.100390625 0.0515625 0.07578125
7 0.27734375 0.326953125 0.0515625 0.07265625
7 0.162890625 0.098828125 0.05078125 0.07578125
7 0.16640625 0.547265625 0.0484375 0.07578125
7 0.426953125 0.633203125 0.02890625 0.06015625