9 0.63046875 0.1359375 0.0703125 0.140625
9 0.2765625 0.1453125 0.06875 0.1375
9 0.77265625 0.628125 0.0703125 0.140625
0 0.43515625 0.640625 0.0484375 0.075
0 0.0359375 0.1453125 0.071875 0.103125
0 0.16328125 0.31171875 0.0765625 0.0984375
0 0.04765625 0.4828125 0.0796875 0.103125
0 0.1765625 0.6359375 0.078125 0.096875
0 0.06328125 0.81875 0.0765625 0.096875
0 0.75234375 0.125 0.0796875 0.10625
0 0.88515625 0.2890625 0.0828125 0.103125
0 0.8984375 0.6265625 0.08125 0.103125
0 0.76640625 0.46171875 0.0765625 0.0984375