9 0.6234375 0.1328125 0.071875 0.140625
9 0.2703125 0.14921875 0.071875 0.1390625
9 0.775 0.6234375 0.071875 0.140625
0 0.4375 0.640625 0.05 0.075
0 0.03359375 0.15390625 0.0671875 0.1046875
0 0.1609375 0.31875 0.078125 0.1
0 0.046875 0.49140625 0.08125 0.1046875
0 0.17890625 0.64140625 0.0796875 0.0984375
0 0.06875 0.8265625 0.078125 0.096875
0 0.7453125 0.12109375 0.08125 0.1078125
0 0.88125 0.28203125 0.084375 0.1046875
0 0.90078125 0.61953125 0.0828125 0.1046875
0 0.765625 0.4578125 0.078125 0.1