9 0.29140625 0.17421875 0.0859375 0.1453125
9 0.6390625 0.1046875 0.084375 0.14375
9 0.26328125 0.68671875 0.0859375 0.1453125
0 0.5953125 0.621875 0.05625 0.078125
0 0.87578125 0.05234375 0.0921875 0.1046875
0 0.7859375 0.240625 0.0875 0.10625
0 0.9375 0.38203125 0.090625 0.1109375
0 0.846875 0.56015625 0.0875 0.1046875
0 0.9765625 0.7109375 0.046875 0.103125
0 0.17109375 0.19140625 0.0921875 0.1140625
0 0.078125 0.38046875 0.09375 0.1109375
0 0.13984375 0.71328125 0.0921875 0.1109375
0 0.2328125 0.5234375 0.0875 0.10625