0 0.59140625 0.38828125 0.0265625 0.0359375
0 0.41328125 0.38984375 0.0265625 0.0390625
0 0.04921875 0.38046875 0.0390625 0.0515625
0 0.05625 0.44921875 0.0375 0.0515625
0 0.8328125 0.4859375 0.021875 0.046875
0 0.06015625 0.515625 0.0359375 0.046875
0 0.0578125 0.58046875 0.04375 0.0484375
0 0.8234375 0.621875 0.021875 0.034375
0 0.06328125 0.63828125 0.0390625 0.0484375
0 0.0671875 0.70546875 0.040625 0.0671875
0 0.81953125 0.74765625 0.0265625 0.0390625
0 0.48203125 0.79765625 0.0453125 0.0484375
0 0.80859375 0.86953125 0.0171875 0.0390625
0 0.80390625 0.9859375 0.0359375 0.028125
0 0.60546875 0.13359375 0.0234375 0.0390625
0 0.41640625 0.134375 0.0265625 0.046875
0 0.03515625 0.15078125 0.0453125 0.0890625
0 0.84609375 0.2046875 0.0296875 0.04375
0 0.03515625 0.21953125 0.0453125 0.0390625
0 0.590625 0.2625 0.03125 0.04375
0 0.378125 0.26953125 0.0375 0.0359375
0 0.03828125 0.30234375 0.0515625 0.0578125
0 0.84140625 0.34765625 0.0328125 0.0390625