0 0.428125 0.375 0.028125 0.0375
0 0.60390625 0.4046875 0.0296875 0.040625
0 0.9640625 0.45234375 0.04375 0.0546875
0 0.94765625 0.51953125 0.0421875 0.0546875
0 0.17421875 0.43359375 0.0265625 0.0484375
0 0.93203125 0.584375 0.0390625 0.05
0 0.925 0.64921875 0.046875 0.0515625
0 0.1625 0.56953125 0.025 0.0359375
0 0.909375 0.7046875 0.04375 0.05
0 0.89609375 0.7703125 0.0453125 0.06875
0 0.14609375 0.6953125 0.0296875 0.040625
0 0.47109375 0.79765625 0.0484375 0.0515625
0 0.13828125 0.81640625 0.0203125 0.0390625
0 0.12265625 0.93671875 0.0390625 0.0390625
0 0.45390625 0.121875 0.0265625 0.040625
0 0.64140625 0.15234375 0.0296875 0.0484375
0 0.99375 0.22734375 0.0125 0.0921875
0 0.20390625 0.15546875 0.0328125 0.0453125
0 0.98984375 0.29609375 0.0203125 0.0421875
0 0.4484375 0.25078125 0.034375 0.0453125
0 0.6578125 0.29140625 0.040625 0.0390625
0 0.9796875 0.3765625 0.040625 0.0625
0 0.18671875 0.29609375 0.0359375 0.0421875