0 0.40859375 0.38828125 0.0265625 0.0359375
0 0.58671875 0.38984375 0.0265625 0.0390625
0 0.95078125 0.38046875 0.0390625 0.0515625
0 0.9453125 0.44921875 0.0375 0.0515625
0 0.1671875 0.4859375 0.021875 0.046875
0 0.93984375 0.515625 0.0359375 0.046875
0 0.94375 0.58046875 0.04375 0.0484375
0 0.1765625 0.621875 0.021875 0.034375
0 0.93671875 0.63828125 0.0390625 0.0484375
0 0.9328125 0.70546875 0.040625 0.0671875
0 0.18046875 0.74765625 0.0265625 0.0390625
0 0.51796875 0.79765625 0.0453125 0.0484375
0 0.19296875 0.86953125 0.0171875 0.0390625
0 0.19453125 0.9859375 0.0359375 0.028125
0 0.39609375 0.13359375 0.0234375 0.0390625
0 0.58515625 0.134375 0.0265625 0.046875
0 0.96640625 0.15078125 0.0453125 0.0890625
0 0.15390625 0.2046875 0.0296875 0.04375
0 0.96640625 0.21953125 0.0453125 0.0390625
0 0.409375 0.2625 0.03125 0.04375
0 0.6234375 0.26953125 0.0375 0.0359375
0 0.96328125 0.30234375 0.0515625 0.0578125
0 0.15859375 0.34765625 0.0328125 0.0390625