0 0.68125 0.375 0.1 0.05625
0 0.82734375 0.39765625 0.0953125 0.0859375
0 0.51328125 0.38515625 0.0890625 0.0859375
0 0.3953125 0.396875 0.090625 0.06875
0 0.20859375 0.39609375 0.1015625 0.0859375
0 0.684375 0.453125 0.096875 0.059375
0 0.80546875 0.4703125 0.0953125 0.090625
0 0.5140625 0.4671875 0.059375 0.0875
0 0.42578125 0.47734375 0.0859375 0.0890625
0 0.24921875 0.46953125 0.0859375 0.1015625
0 0.084375 0.515625 0.1125 0.1
0 0.28359375 0.53671875 0.0953125 0.0796875
0 0.146875 0.5765625 0.075 0.078125
0 0.21484375 0.6265625 0.0921875 0.090625
0 0.68828125 0.2953125 0.0921875 0.071875
0 0.521875 0.2890625 0.125 0.078125
0 0.86484375 0.32890625 0.1015625 0.0796875
0 0.36484375 0.3203125 0.1140625 0.08125