0 0.6515625 0.340625 0.103125 0.0625
0 0.7984375 0.33203125 0.1 0.0921875
0 0.4890625 0.384375 0.09375 0.090625
0 0.37578125 0.421875 0.0953125 0.075
0 0.19375 0.45859375 0.10625 0.0921875
0 0.6703125 0.4171875 0.1 0.065625
0 0.79140625 0.40703125 0.1015625 0.0953125
0 0.50703125 0.4640625 0.0640625 0.090625
0 0.4234375 0.49375 0.090625 0.09375
0 0.24921875 0.521875 0.0921875 0.10625
0 0.096875 0.60078125 0.11875 0.1078125
0 0.2953125 0.58046875 0.1 0.0859375
0 0.16953125 0.64921875 0.0796875 0.0828125
0 0.24609375 0.68203125 0.0984375 0.0953125
0 0.64140625 0.2609375 0.0953125 0.078125
0 0.47734375 0.28984375 0.1296875 0.0859375
0 0.821875 0.25703125 0.10625 0.0859375
0 0.3296875 0.353125 0.11875 0.0875