0 0.6921875 0.39140625 0.103125 0.0640625
0 0.83515625 0.42578125 0.1015625 0.0921875
0 0.52265625 0.38671875 0.0953125 0.0921875
0 0.40390625 0.3890625 0.0953125 0.075
0 0.21796875 0.371875 0.1078125 0.09375
0 0.6875 0.46953125 0.1 0.0671875
0 0.80703125 0.496875 0.1015625 0.096875
0 0.5171875 0.46875 0.065625 0.090625
0 0.42890625 0.47109375 0.0921875 0.0953125
0 0.253125 0.44765625 0.09375 0.1078125
0 0.08515625 0.478125 0.1203125 0.109375
0 0.28125 0.51640625 0.1 0.0859375
0 0.140625 0.54609375 0.08125 0.0828125
0 0.20390625 0.6 0.0984375 0.096875
0 0.70625 0.3125 0.096875 0.078125
0 0.53984375 0.2921875 0.1296875 0.0875
0 0.87890625 0.3609375 0.1078125 0.0875
0 0.38046875 0.31015625 0.1203125 0.0890625