0 0.0765625 0.41171875 0.01875 0.0296875
0 0.2015625 0.471875 0.025 0.0375
0 0.30234375 0.69375 0.0203125 0.034375
0 0.484375 0.4796875 0.01875 0.0375
0 0.75546875 0.38984375 0.0265625 0.0328125
0 0.7625 0.63046875 0.015625 0.0265625
2 0.7984375 0.6671875 0.0875 0.046875
2 0.80703125 0.43828125 0.1328125 0.0515625
2 0.5078125 0.5171875 0.0625 0.078125
2 0.34375 0.74609375 0.115625 0.0640625
2 0.2453125 0.51640625 0.109375 0.0703125
2 0.09375 0.46875 0.05625 0.0625
0 0.38828125 0.9875 0.0234375 0.025