0 0.06796875 0.47109375 0.0234375 0.0328125
0 0.2015625 0.5140625 0.03125 0.040625
0 0.33125 0.7203125 0.025 0.0375
0 0.48203125 0.48203125 0.0234375 0.0390625
0 0.73671875 0.35546875 0.0296875 0.0359375
0 0.778125 0.59375 0.01875 0.028125
2 0.81875 0.62421875 0.09375 0.0578125
2 0.79453125 0.39609375 0.1390625 0.0703125
2 0.509375 0.515625 0.071875 0.084375
2 0.37890625 0.76484375 0.1234375 0.0796875
2 0.24921875 0.5515625 0.1171875 0.084375
2 0.09375 0.52578125 0.065625 0.0703125
0 0.45703125 0.9921875 0.0265625 0.015625