0 0.921875 0.40390625 0.01875 0.0296875
0 0.7984375 0.4671875 0.025 0.0375
0 0.70078125 0.690625 0.0203125 0.034375
0 0.515625 0.4796875 0.01875 0.0375
0 0.24375 0.39453125 0.025 0.0328125
0 0.23984375 0.63515625 0.0140625 0.0265625
2 0.2046875 0.67265625 0.0875 0.0453125
2 0.19296875 0.44375 0.1328125 0.05
2 0.49296875 0.51640625 0.0609375 0.0765625
2 0.6609375 0.7421875 0.115625 0.0625
2 0.75546875 0.5109375 0.1078125 0.06875
2 0.90625 0.4609375 0.05625 0.0625
0 0.61953125 0.98671875 0.0234375 0.0265625