1 0.49921875 0.65859375 0.2203125 0.1203125
4 0.91875 0.09296875 0.128125 0.0453125
4 0.4171875 0.01796875 0.125 0.0359375
4 0.23515625 0.12578125 0.1328125 0.0484375
4 0.734375 0.20390625 0.125 0.0453125
4 0.884375 0.303125 0.121875 0.04375
4 0.2 0.3375 0.125 0.046875
4 0.85234375 0.51328125 0.1234375 0.0421875
4 0.165625 0.54765625 0.125 0.0453125
4 0.81875 0.71953125 0.128125 0.0453125
4 0.13203125 0.75234375 0.1328125 0.0484375
4 0.7875 0.925 0.13125 0.05
0 0.61015625 0.58359375 0.0640625 0.0421875