1 0.4578125 0.653125 0.21875 0.1125
4 0.21015625 0.00703125 0.1265625 0.0140625
4 0.71328125 0.05546875 0.1234375 0.0390625
4 0.85859375 0.2140625 0.1328125 0.04375
4 0.35703125 0.1515625 0.1234375 0.040625
4 0.184375 0.20546875 0.121875 0.0390625
4 0.834375 0.42578125 0.125 0.0421875
4 0.15859375 0.41484375 0.1234375 0.0390625
4 0.809375 0.63671875 0.125 0.0421875
4 0.13359375 0.62265625 0.1265625 0.0421875
4 0.78515625 0.84375 0.1328125 0.04375
4 0.1078125 0.83046875 0.13125 0.0453125
0 0.371875 0.55 0.0625 0.040625