1 0.4875 0.65859375 0.215625 0.1015625
4 0.11953125 0.05859375 0.1265625 0.0359375
4 0.62578125 0.02265625 0.1234375 0.0328125
4 0.7984375 0.15 0.13125 0.0375
4 0.29296875 0.1859375 0.1234375 0.034375
4 0.134375 0.27109375 0.121875 0.0328125
4 0.81484375 0.36484375 0.1234375 0.0359375
4 0.14765625 0.48203125 0.1234375 0.0328125
4 0.82890625 0.57578125 0.1234375 0.0359375
4 0.16328125 0.69140625 0.1265625 0.0359375
4 0.8453125 0.7828125 0.13125 0.0375
4 0.17734375 0.89921875 0.1296875 0.0390625
0 0.38359375 0.5734375 0.0609375 0.0375