0 0.3109375 0.41328125 0.06875 0.1421875
0 0.4265625 0.4484375 0.071875 0.13125
0 0.20390625 0.45546875 0.0921875 0.1296875
0 0.64140625 0.51484375 0.0609375 0.1328125
0 0.25078125 0.51953125 0.0609375 0.1078125
0 0.36328125 0.52734375 0.0671875 0.1328125
0 0.77265625 0.54921875 0.0578125 0.1171875
0 0.53828125 0.5734375 0.0796875 0.140625
0 0.4703125 0.57265625 0.065625 0.1109375
0 0.70546875 0.6328125 0.0578125 0.14375
0 0.35546875 0.63359375 0.0609375 0.1234375
0 0.24453125 0.634375 0.0609375 0.1125
0 0.24765625 0.63515625 0.0671875 0.1234375
0 0.62265625 0.68828125 0.0671875 0.1421875
0 0.41484375 0.68828125 0.0578125 0.1265625
0 0.74453125 0.73359375 0.0578125 0.1140625
0 0.19296875 0.7171875 0.0609375 0.1125
0 0.3015625 0.74453125 0.046875 0.1046875