0 0.31328125 0.4078125 0.0734375 0.14375
0 0.42890625 0.44453125 0.0765625 0.1328125
0 0.2046875 0.44453125 0.096875 0.1328125
0 0.6421875 0.5203125 0.065625 0.134375
0 0.25078125 0.5109375 0.0640625 0.109375
0 0.36328125 0.521875 0.0703125 0.134375
0 0.77109375 0.5578125 0.0609375 0.11875
0 0.5359375 0.57421875 0.084375 0.1421875
0 0.46796875 0.571875 0.0703125 0.1125
0 0.70078125 0.63984375 0.0640625 0.1453125
0 0.35 0.628125 0.065625 0.125
0 0.23984375 0.62578125 0.0640625 0.1140625
0 0.24296875 0.62578125 0.0703125 0.1265625
0 0.615625 0.6921875 0.071875 0.14375
0 0.4078125 0.684375 0.0625 0.128125
0 0.73515625 0.7421875 0.0609375 0.115625
0 0.18515625 0.70703125 0.0640625 0.1140625
0 0.2921875 0.7375 0.05 0.10625