0 0.69296875 0.4203125 0.0640625 0.140625
0 0.57578125 0.45 0.0671875 0.128125
0 0.7984375 0.46484375 0.0875 0.1265625
0 0.3578125 0.509375 0.05625 0.13125
0 0.7484375 0.528125 0.05625 0.10625
0 0.6359375 0.53125 0.0625 0.13125
0 0.2265625 0.5390625 0.053125 0.115625
0 0.459375 0.571875 0.075 0.1375
0 0.528125 0.5734375 0.0625 0.109375
0 0.290625 0.62578125 0.053125 0.1421875
0 0.640625 0.6375 0.05625 0.121875
0 0.7515625 0.64296875 0.05625 0.1109375
0 0.7484375 0.64375 0.0625 0.121875
0 0.371875 0.6828125 0.0625 0.140625
0 0.5796875 0.690625 0.053125 0.125
0 0.2484375 0.725 0.053125 0.1125
0 0.8 0.72734375 0.05625 0.1109375
0 0.690625 0.7515625 0.04375 0.103125