8 0.17421875 0.45546875 0.0671875 0.0453125
8 0.39765625 0.4625 0.0671875 0.046875
8 0.64140625 0.503125 0.0640625 0.040625
8 0.82421875 0.52265625 0.0671875 0.0453125
6 0.8109375 0.46875 0.01875 0.01875
6 0.62890625 0.4515625 0.0203125 0.021875
6 0.38671875 0.4015625 0.0203125 0.021875
6 0.15703125 0.39765625 0.0203125 0.0203125
6 0.18671875 0.74921875 0.0328125 0.0265625
6 0.1703125 0.94453125 0.01875 0.0203125
6 0.284375 0.93515625 0.015625 0.0140625
6 0.3796875 0.95078125 0.01875 0.0203125
6 0.4984375 0.95546875 0.015625 0.0140625
6 0.61640625 0.978125 0.0140625 0.0125
6 0.68515625 0.95 0.0171875 0.015625
6 0.79296875 0.96796875 0.0140625 0.0140625
6 0.8265625 0.82734375 0.015625 0.0203125
6 0.65078125 0.80234375 0.0171875 0.0171875
6 0.403125 0.77578125 0.025 0.0234375