8 0.8296875 0.47734375 0.065625 0.0421875
8 0.6046875 0.46875 0.065625 0.04375
8 0.3609375 0.49375 0.0625 0.0375
8 0.175 0.5 0.065625 0.040625
6 0.1921875 0.44765625 0.01875 0.0171875
6 0.375 0.44296875 0.01875 0.0203125
6 0.62109375 0.40859375 0.0203125 0.0203125
6 0.84921875 0.421875 0.0203125 0.01875
6 0.7953125 0.7703125 0.03125 0.025
6 0.79765625 0.96640625 0.0171875 0.0203125
6 0.68671875 0.9484375 0.0140625 0.0125
6 0.5890625 0.9578125 0.01875 0.01875
6 0.4703125 0.95390625 0.015625 0.0140625
6 0.35234375 0.96875 0.0140625 0.0125
6 0.28515625 0.9359375 0.0171875 0.015625
6 0.175 0.94609375 0.0125 0.0140625
6 0.15234375 0.80234375 0.0140625 0.0203125
6 0.3296875 0.79140625 0.015625 0.0171875
6 0.57890625 0.78125 0.0234375 0.021875