8 0.82734375 0.46015625 0.0671875 0.0453125
8 0.60390625 0.4640625 0.0671875 0.046875
8 0.359375 0.5015625 0.0625 0.040625
8 0.17578125 0.5171875 0.0671875 0.04375
6 0.190625 0.4640625 0.01875 0.01875
6 0.37265625 0.44921875 0.0203125 0.0203125
6 0.61640625 0.403125 0.0203125 0.021875
6 0.84453125 0.40390625 0.0203125 0.0203125
6 0.809375 0.75390625 0.03125 0.0265625
6 0.821875 0.95078125 0.01875 0.0203125
6 0.709375 0.9390625 0.015625 0.0125
6 0.6140625 0.95234375 0.01875 0.0203125
6 0.49375 0.95546875 0.015625 0.0140625
6 0.37578125 0.9765625 0.0140625 0.0125
6 0.30703125 0.946875 0.0171875 0.015625
6 0.19921875 0.96171875 0.0140625 0.0140625
6 0.16796875 0.82109375 0.0140625 0.0203125
6 0.34453125 0.80078125 0.0171875 0.0171875
6 0.5921875 0.77734375 0.025 0.0234375