6 0.43359375 0.44609375 0.1078125 0.0859375
6 0.79609375 0.74140625 0.0578125 0.0546875
6 0.34140625 0.32421875 0.1046875 0.0859375
6 0.19609375 0.48359375 0.1078125 0.0890625
6 0.0953125 0.36015625 0.1125 0.0953125
6 0.05390625 0.65 0.1078125 0.090625
6 0.28984375 0.60859375 0.1109375 0.0890625
6 0.3875 0.71484375 0.109375 0.0890625
6 0.4765625 0.82890625 0.103125 0.0859375
6 0.23828125 0.8828125 0.1171875 0.090625
6 0.15 0.7703125 0.103125 0.08125
6 0.9375 0.4796875 0.09375 0.090625
6 0.8453125 0.9765625 0.0875 0.046875