8 0.758203125 0.100390625 0.12890625 0.08828125
8 0.614453125 0.263671875 0.09140625 0.05859375
8 0.92265625 0.257421875 0.1359375 0.08671875
8 0.754296875 0.516015625 0.12734375 0.07890625
8 0.91875 0.6765625 0.134375 0.084375
8 0.121875 0.511328125 0.13125 0.08203125
8 0.235546875 0.659765625 0.02734375 0.06328125
6 0.2875 0.5171875 0.09375 0.0625
6 0.120703125 0.255859375 0.09765625 0.06484375
6 0.93203125 0.094921875 0.1046875 0.07109375
6 0.6015625 0.105859375 0.09375 0.06171875
6 0.758203125 0.265234375 0.09453125 0.06171875
6 0.09375 0.930859375 0.034375 0.06171875