6 0.56796875 0.446875 0.1078125 0.084375
6 0.20078125 0.7359375 0.0578125 0.053125
6 0.66328125 0.328125 0.1046875 0.084375
6 0.80546875 0.48984375 0.1078125 0.0890625
6 0.9078125 0.3671875 0.1125 0.09375
6 0.9453125 0.65703125 0.109375 0.0890625
6 0.709375 0.61328125 0.109375 0.0890625
6 0.61015625 0.7171875 0.1078125 0.0875
6 0.51953125 0.8296875 0.1015625 0.084375
6 0.7546875 0.88828125 0.115625 0.0890625
6 0.84609375 0.7765625 0.1015625 0.08125
6 0.06328125 0.47109375 0.0921875 0.0890625
6 0.14453125 0.97421875 0.0859375 0.0515625