6 0.4265625 0.45546875 0.1 0.0734375
6 0.82734375 0.69765625 0.0515625 0.0484375
6 0.31875 0.34921875 0.096875 0.0734375
6 0.196875 0.5265625 0.1 0.078125
6 0.07890625 0.41796875 0.1046875 0.0828125
6 0.07265625 0.71171875 0.1140625 0.0765625
6 0.30625 0.63671875 0.103125 0.0765625
6 0.41875 0.72890625 0.1 0.0765625
6 0.521875 0.8296875 0.09375 0.075
6 0.29453125 0.91640625 0.1078125 0.0765625
6 0.18984375 0.81640625 0.0953125 0.0703125
6 0.9296875 0.41875 0.084375 0.08125
6 0.91171875 0.94375 0.0796875 0.075