9 0.63984375 0.645703125 0.1359375 0.07578125
9 0.840625 0.269921875 0.05625 0.11796875
9 0.949609375 0.56484375 0.05546875 0.1203125
9 0.164453125 0.269921875 0.05390625 0.11796875
9 0.503125 0.26953125 0.053125 0.1203125
4 0.053125 0.121875 0.08125 0.0375
4 0.3890625 0.11875 0.08125 0.0375
4 0.726953125 0.119921875 0.08203125 0.03984375
4 0.948828125 0.269140625 0.08203125 0.04453125
4 0.8390625 0.407421875 0.08125 0.03984375
4 0.0515625 0.5640625 0.08125 0.0375
4 0.1640625 0.407421875 0.08125 0.03984375
4 0.501953125 0.4078125 0.07578125 0.0375
4 0.948046875 0.708984375 0.08046875 0.03359375
0 0.584375 0.54375 0.028125 0.046875
0 0.333203125 0.46953125 0.03203125 0.0484375
0 0.27734375 0.121484375 0.0671875 0.08671875
0 0.612890625 0.11796875 0.06953125 0.0890625
0 0.94921875 0.1234375 0.0671875 0.0875