6 0.4921875 0.5234375 0.440625 0.15
6 0.6296875 0.384375 0.153125 0.078125
6 0.6703125 0.13203125 0.15 0.0765625
6 0.4453125 0.0890625 0.15625 0.06875
6 0.23671875 0.053125 0.1453125 0.075
6 0.8734375 0.16484375 0.159375 0.0703125
6 0.1953125 0.3078125 0.15 0.06875
6 0.40234375 0.33828125 0.1390625 0.0703125
6 0.83984375 0.41953125 0.1390625 0.0703125
6 0.14765625 0.5609375 0.1515625 0.06875
6 0.359375 0.596875 0.15 0.06875
6 0.57890625 0.634375 0.1359375 0.065625
6 0.78984375 0.66953125 0.1578125 0.0671875
6 0.10234375 0.81328125 0.1484375 0.0671875
6 0.3171875 0.846875 0.134375 0.065625
6 0.53515625 0.88359375 0.1484375 0.0671875
6 0.74609375 0.9234375 0.1421875 0.0625