6 0.14609375 0.0734375 0.2640625 0.146875
6 0.48671875 0.07578125 0.2828125 0.1515625
6 0.84140625 0.0796875 0.2828125 0.15
6 0.1453125 0.28125 0.275 0.146875
6 0.4921875 0.28125 0.275 0.146875
6 0.8328125 0.27421875 0.275 0.1421875
6 0.1453125 0.49609375 0.275 0.1515625
6 0.48984375 0.49140625 0.2796875 0.1421875
6 0.8375 0.49609375 0.275 0.1421875
6 0.1453125 0.70859375 0.275 0.1421875
6 0.4875 0.71328125 0.275 0.1421875
6 0.8375 0.70859375 0.275 0.1421875
6 0.8328125 0.91171875 0.275 0.1421875
6 0.4921875 0.90859375 0.275 0.1421875
6 0.1421875 0.91171875 0.275 0.1421875