6 0.49296875 0.525 0.4390625 0.128125
6 0.62265625 0.378125 0.1515625 0.071875
6 0.65078125 0.1234375 0.1484375 0.06875
6 0.42421875 0.0921875 0.1546875 0.0625
6 0.2140625 0.0671875 0.14375 0.06875
6 0.8546875 0.1453125 0.159375 0.0625
6 0.18515625 0.32421875 0.1484375 0.0609375
6 0.39375 0.34296875 0.1375 0.0640625
6 0.834375 0.40078125 0.1375 0.0640625
6 0.15078125 0.57890625 0.1515625 0.0609375
6 0.3640625 0.60546875 0.15 0.0609375
6 0.5859375 0.6296875 0.134375 0.059375
6 0.7984375 0.6546875 0.15625 0.059375
6 0.11875 0.83359375 0.146875 0.0609375
6 0.33515625 0.85625 0.1328125 0.059375
6 0.5546875 0.88046875 0.146875 0.0609375
6 0.7671875 0.909375 0.140625 0.05625