6 0.5 0.52578125 0.440625 0.1640625
6 0.4234375 0.34453125 0.153125 0.0828125
6 0.48125 0.0953125 0.15 0.08125
6 0.7046875 0.13984375 0.15625 0.0734375
6 0.9125 0.18359375 0.146875 0.0796875
6 0.28046875 0.05 0.1609375 0.075
6 0.85625 0.43671875 0.15 0.0734375
6 0.65234375 0.3859375 0.1390625 0.075
6 0.21640625 0.2984375 0.1390625 0.075
6 0.8046875 0.68828125 0.153125 0.0734375
6 0.59609375 0.64296875 0.1515625 0.0734375
6 0.37734375 0.59453125 0.1359375 0.0703125
6 0.16953125 0.5484375 0.1578125 0.071875
6 0.75234375 0.9390625 0.1484375 0.071875
6 0.53984375 0.89140625 0.1359375 0.0703125
6 0.32578125 0.8421875 0.1484375 0.071875
6 0.11484375 0.80078125 0.1421875 0.0671875