6 0.41328125 0.4453125 0.0390625 0.0375
6 0.03203125 0.47109375 0.0546875 0.0421875
6 0.121875 0.8875 0.053125 0.04375
6 0.2265625 0.9515625 0.053125 0.04375
6 0.13671875 0.53671875 0.0515625 0.0421875
6 0.17265625 0.26953125 0.0546875 0.0453125
6 0.24375 0.60234375 0.053125 0.0421875
6 0.278125 0.3328125 0.053125 0.04375
6 0.54140625 0.275 0.0515625 0.034375
6 0.6484375 0.340625 0.05625 0.04375
6 0.703125 0.5890625 0.05 0.040625
6 0.77265625 0.9234375 0.0546875 0.040625
6 0.80859375 0.6546875 0.0546875 0.040625
6 0.75546875 0.40546875 0.0546875 0.0421875
6 0.7015625 0.1546875 0.05625 0.04375
6 0.8078125 0.21796875 0.05625 0.0421875
6 0.8609375 0.46875 0.05625 0.040625
6 0.91484375 0.71953125 0.0546875 0.0421875
6 0.9671875 0.5328125 0.05625 0.04375
6 0.9140625 0.28203125 0.05625 0.0421875
8 0.0828125 0.28515625 0.078125 0.0578125
8 0.15546875 0.61640625 0.0765625 0.0578125
8 0.20859375 0.86484375 0.0765625 0.0578125
8 0.13984375 0.9671875 0.0765625 0.05625
8 0.10390625 0.8 0.0765625 0.059375
8 0.04921875 0.5515625 0.0765625 0.059375
8 0.18984375 0.34921875 0.0765625 0.0578125
8 0.2875 0.93515625 0.021875 0.0453125
8 0.2359375 0.68671875 0.028125 0.0515625
8 0.29453125 0.41328125 0.0765625 0.0578125
8 0.346875 0.228125 0.078125 0.059375
8 0.6109375 0.16953125 0.078125 0.0578125
8 0.66640625 0.421875 0.0765625 0.059375
8 0.71875 0.66953125 0.078125 0.0578125
8 0.82421875 0.734375 0.0765625 0.059375
8 0.771875 0.48515625 0.078125 0.0609375
8 0.71875 0.234375 0.078125 0.059375
8 0.82578125 0.29921875 0.0765625 0.0578125
8 0.87734375 0.5484375 0.0765625 0.059375
8 0.93203125 0.8 0.0765625 0.059375
8 0.97265625 0.6109375 0.0546875 0.059375
8 0.93203125 0.3625 0.0765625 0.059375