0 0.089453125 0.569140625 0.00390625 0.01328125
0 0.15 0.601171875 0.009375 0.01171875
0 0.176953125 0.572265625 0.01015625 0.01015625
0 0.2890625 0.574609375 0.009375 0.01484375
0 0.328125 0.57734375 0.009375 0.0140625
0 0.75546875 0.601171875 0.0109375 0.01484375
0 0.718359375 0.396875 0.00546875 0.0125
0 0.26640625 0.348828125 0.0078125 0.01328125
0 0.0984375 0.369921875 0.00625 0.01484375
0 0.0609375 0.33984375 0.009375 0.0171875
2 0.07265625 0.360546875 0.0296875 0.03046875
2 0.109375 0.398046875 0.03125 0.03359375
2 0.279296875 0.378515625 0.03984375 0.02578125
2 0.734375 0.422265625 0.034375 0.02265625
6 0.944140625 0.616015625 0.00703125 0.01015625
6 0.870703125 0.589453125 0.00703125 0.01015625
6 0.65 0.551171875 0.0125 0.00859375
6 0.66796875 0.683203125 0.0109375 0.01015625
6 0.623828125 0.711328125 0.01015625 0.00703125
6 0.590234375 0.699609375 0.01171875 0.00859375
6 0.586328125 0.586328125 0.01328125 0.01015625
6 0.67109375 0.608203125 0.0046875 0.00703125
6 0.686328125 0.598046875 0.00703125 0.00859375
6 0.545703125 0.379296875 0.01015625 0.00859375
6 0.481640625 0.58984375 0.01328125 0.0109375
6 0.359375 0.580078125 0.009375 0.01015625
6 0.191796875 0.393359375 0.00859375 0.00859375
6 0.216015625 0.58671875 0.01328125 0.0078125
6 0.219921875 0.690234375 0.01171875 0.00859375
6 0.194140625 0.693359375 0.01015625 0.00546875
7 0.096875 0.75859375 0.009375 0.0171875
6 0.435546875 0.73359375 0.01484375 0.0546875
6 0.75703125 0.767578125 0.0203125 0.02890625
6 0.8203125 0.777734375 0.0125 0.01171875
8 0.20234375 0.4171875 0.0296875 0.025
8 0.56171875 0.415625 0.0328125 0.025
8 0.462109375 0.39921875 0.01796875 0.0171875