3 0.0671875 0.083984375 0.078125 0.04609375
7 0.0625 0.2 0.05625 0.0625
3 0.071875 0.675 0.071875 0.04375
7 0.066796875 0.7953125 0.05234375 0.071875
3 0.172265625 0.19296875 0.07578125 0.0578125
7 0.1734375 0.312109375 0.046875 0.06484375
3 0.176171875 0.788671875 0.07421875 0.05546875
7 0.280078125 0.067578125 0.05078125 0.06953125
3 0.28125 0.30546875 0.075 0.0578125
7 0.279296875 0.4203125 0.04921875 0.0625
3 0.3859375 0.062109375 0.075 0.04609375
7 0.383984375 0.175 0.04921875 0.071875
3 0.3796875 0.41796875 0.0625 0.0578125
7 0.69453125 0.0390625 0.0546875 0.078125
3 0.698046875 0.39296875 0.07421875 0.0484375
7 0.694921875 0.50625 0.04296875 0.0625
3 0.803125 0.037109375 0.06875 0.04609375
7 0.798828125 0.1484375 0.04765625 0.075
3 0.801171875 0.500390625 0.06796875 0.04453125
7 0.8 0.61328125 0.04375 0.0609375
3 0.90390625 0.14609375 0.0734375 0.0484375
7 0.90390625 0.2578125 0.0453125 0.075
7 0.90078125 0.72109375 0.0421875 0.0640625
3 0.90078125 0.610546875 0.0703125 0.04296875
3 0.98359375 0.25859375 0.0328125 0.0484375
3 0.980859375 0.720703125 0.03671875 0.04453125
7 0.98671875 0.015625 0.0265625 0.03125
7 0.98984375 0.36015625 0.0203125 0.0484375
7 0.9875 0.81484375 0.025 0.0390625