3 0.853125 0.02421875 0.084375 0.0484375
3 0.95703125 0.6015625 0.0828125 0.071875
3 0.7703125 0.14140625 0.08125 0.0609375
3 0.87421875 0.72734375 0.0796875 0.0609375
3 0.6828125 0.27109375 0.078125 0.0609375
3 0.53828125 0.05 0.0765625 0.05625
3 0.36875 0.30546875 0.071875 0.0578125
3 0.2046875 0.553125 0.08125 0.0625
3 0.121875 0.09765625 0.075 0.0546875
3 0.0421875 0.22109375 0.078125 0.0578125
3 0.12421875 0.6765625 0.0796875 0.059375
3 0.0640625 0.79765625 0.04375 0.0515625
7 0.07578125 0.8953125 0.0328125 0.04375
7 0.00390625 0.44453125 0.0078125 0.0546875
7 0.14453125 0.78828125 0.0578125 0.0703125
7 0.06328125 0.334375 0.0546875 0.075
7 0.14140625 0.209375 0.0578125 0.078125
7 0.22734375 0.66640625 0.0609375 0.0796875
7 0.31015625 0.5421875 0.0578125 0.06875
7 0.228125 0.0828125 0.05625 0.075
7 0.55859375 0.1640625 0.0546875 0.071875
7 0.6421875 0.034375 0.05625 0.06875
7 0.70390625 0.38828125 0.0609375 0.0796875
7 0.7890625 0.25546875 0.059375 0.0765625
7 0.87734375 0.1296875 0.0609375 0.078125
7 0.97265625 0.7140625 0.0546875 0.078125
3 0.2890625 0.428125 0.078125 0.059375