3 0.9765625 0.15703125 0.046875 0.0734375
7 0.9734375 0.26875 0.053125 0.06875
3 0.89609375 0.7453125 0.0828125 0.071875
7 0.8796875 0.85703125 0.0625 0.0796875
3 0.86953125 0.25234375 0.0828125 0.0640625
7 0.8515625 0.36484375 0.059375 0.0828125
3 0.77421875 0.83359375 0.0859375 0.0671875
7 0.784375 0.1078125 0.059375 0.078125
3 0.74609375 0.34453125 0.0828125 0.0640625
7 0.7296875 0.459375 0.059375 0.08125
3 0.68359375 0.08671875 0.0828125 0.0671875
7 0.66484375 0.19765625 0.0578125 0.0765625
3 0.63515625 0.43203125 0.0671875 0.0484375
7 0.37734375 0.02734375 0.0609375 0.0546875
3 0.3234375 0.36484375 0.08125 0.0578125
3 0.42890625 0.26796875 0.0484375 0.0546875
7 0.30625 0.4734375 0.05625 0.075
3 0.27265625 0.0109375 0.0796875 0.021875
7 0.25625 0.10703125 0.05625 0.0828125
3 0.20078125 0.45234375 0.0828125 0.0671875
3 0.18671875 0.565625 0.0578125 0.071875
3 0.15546875 0.08828125 0.0828125 0.0578125
7 0.14140625 0.1953125 0.0609375 0.0875
3 0.08671875 0.54375 0.0828125 0.059375
7 0.071875 0.65703125 0.05625 0.0734375
3 0.06171875 0.18828125 0.0421875 0.0578125
7 0.0390625 0.2859375 0.028125 0.046875
3 0.0046875 0.63984375 0.009375 0.0578125