3 0.9203125 0.0703125 0.075 0.065625
7 0.92421875 0.18359375 0.0515625 0.0640625
3 0.93515625 0.665625 0.0765625 0.0625
7 0.94140625 0.77890625 0.0546875 0.0734375
3 0.81640625 0.1875 0.0765625 0.05625
7 0.81953125 0.3015625 0.0515625 0.078125
3 0.83359375 0.77578125 0.0796875 0.0578125
7 0.70546875 0.06171875 0.0515625 0.0734375
3 0.7125 0.3 0.078125 0.05625
7 0.71640625 0.41640625 0.0515625 0.0765625
3 0.60078125 0.05859375 0.0765625 0.0578125
7 0.6046875 0.171875 0.05 0.071875
3 0.6203125 0.40703125 0.0625 0.0421875
7 0.2875 0.0484375 0.053125 0.071875
3 0.30078125 0.40078125 0.0765625 0.0484375
3 0.3859375 0.2859375 0.04375 0.05
7 0.30546875 0.51015625 0.0484375 0.0703125
3 0.1796875 0.0453125 0.075 0.053125
7 0.1859375 0.1609375 0.046875 0.078125
3 0.19765625 0.51171875 0.0765625 0.0578125
3 0.2046875 0.6234375 0.05 0.065625
3 0.084375 0.16015625 0.078125 0.0484375
7 0.08984375 0.26953125 0.0515625 0.0828125
3 0.1015625 0.621875 0.078125 0.05
7 0.11015625 0.7359375 0.0484375 0.06875
7 0.00390625 0.0453125 0.0078125 0.05625
3 0.01328125 0.27734375 0.0265625 0.0546875
7 0.00859375 0.3765625 0.0171875 0.04375
3 0.02578125 0.73515625 0.0359375 0.0546875
7 0.025 0.82734375 0.028125 0.0484375