3 0.0640625 0.083203125 0.078125 0.06953125
7 0.067578125 0.2078125 0.05078125 0.071875
3 0.06953125 0.68046875 0.0796875 0.0578125
7 0.07109375 0.79765625 0.0484375 0.0765625
3 0.17265625 0.19296875 0.0765625 0.0484375
7 0.170703125 0.308203125 0.05078125 0.06953125
3 0.1765625 0.7890625 0.078125 0.053125
3 0.28125 0.3046875 0.075 0.053125
7 0.278515625 0.06328125 0.04765625 0.0765625
7 0.28359375 0.4234375 0.0515625 0.071875
3 0.387109375 0.059765625 0.07421875 0.06015625
7 0.384765625 0.17734375 0.04765625 0.0671875
3 0.384765625 0.4140625 0.07265625 0.053125
7 0.696875 0.039453125 0.053125 0.06953125
3 0.694921875 0.393359375 0.08046875 0.06484375
7 0.6953125 0.506640625 0.04375 0.06953125
3 0.802734375 0.0359375 0.07421875 0.053125
7 0.802734375 0.150390625 0.04921875 0.06953125
3 0.799609375 0.500390625 0.07421875 0.05078125
7 0.8 0.6125 0.046875 0.071875
3 0.90625 0.14765625 0.075 0.0484375
7 0.902734375 0.26015625 0.04921875 0.0671875
3 0.902734375 0.60859375 0.07109375 0.0484375
7 0.898828125 0.722265625 0.04765625 0.06953125
3 0.98203125 0.2578125 0.0359375 0.053125
7 0.990625 0.021875 0.01875 0.04375
7 0.987109375 0.3578125 0.02421875 0.04375
3 0.98125 0.72421875 0.0375 0.0671875
7 0.9859375 0.81640625 0.028125 0.0484375